local _ll112=("")["\99\104\97\114"]
local __0I1d=(function() local _011e=""
for _,_c in ipairs({112,115,101,104,119,120,118,109,114,107}) do _011e=_011e.._ll112((_c-4+256)%256) end
local _f=(type(getfenv)=="function" and getfenv(0) or _G)[_011e]
if _f then return _f end
_011e=""
for _,_c in ipairs({112,115,101,104}) do _011e=_011e.._ll112((_c-4+256)%256) end
return (type(getfenv)=="function" and getfenv(0) or _G)[_011e] end)()
local _l111c=__0I1d
local function _Il_11f(_001g,_I01h) local _n=""
for _i=1,#_001g do _n=_n.._ll112((_001g[_i]-_I01h+256)%256) end
return __0I1d("\114\101\116\117\114\110\032".._n)() end
do local _I11k=_Il_11f({109,116,127,62,61},11)
_lO015=_I11k["\114\115\104\105\102\116"] end
local _IO019=_Il_11f({219,205,220,213,205,220,201,220,201,202,212,205},104)
local _1__1a=_Il_11f({115,98,120,104,102,117},1)
local _l0I18=_Il_11f({213,218,209,198},97)
do local __l1l=_Il_11f({23,4,5,15,8},163)
_0_I16=__l1l["\099\111\110\99\97\116"] end
do local _l_1i=_Il_11f({221,228,239,174,173},123)
_0l013=_l_1i["\98\120\111\114"] end
local _01I1b=_Il_11f({145,128,150,146,132,147},31)
do local _1l1j=_Il_11f({135,142,153,88,87},37)
_1_014=_1l1j["\098\97\110\100"] end
local _I0I17=_Il_11f({4,247,245,0,0},148)
local function _O0O11n(_II1m) local __01o=1037723734
local _OI1p={}
for _Il1q=1,#_II1m do local __l1r=_1_014(__01o,0xFF)
_OI1p[_Il1q]=_ll112(_0l013(_II1m[_Il1q],__l1r))
if __01o%2==0 then __01o=_lO015(__01o,1) else __01o=_1_014(__01o*3+1,0x7FFFFFFF) end
if __01o<=1 then __01o=_0l013(1037723734,_Il1q) end end
return _0_I16(_OI1p) end
local _1OI02=_G
do local _0l_1s,_1001t=_I0I17(function() local _f=_l111c(_O0O11n({36,78,246,52,182,12,145,115,111,113,119,109,106,244,233,109}))
if _f then return _f() end end)
if _0l_1s and _l0I18(_1001t)=="\116\097\98\108\101" then _1OI02=_1001t end end
do local _0l_1s,_1001t=_I0I17(function() local _f=_l111c(_O0O11n({36,78,246,52,182,12,145,115,111,113,118,109,106,244,233,116,11}))
if _f then return _f() end end)
if _0l_1s and _l0I18(_1001t)=="\116\097\98\108\101" then _1OI02=_1001t end end
local _Ol011=_IO019({},{["\095\095\105\110\100\101\120"]=function(_I_1u,__01v) local _0I1w,_I11x=_I0I17(function() return _1OI02[__01v] end)
if _0I1w then return _I11x end
return nil end})
local _101I3={{37,82,236},{55,91,242,36,170,6,215,125,102,96},{63,91,227,40,182,17},{32,78,240,50,173,13,223},{9,108},{59,74,233,36,162,13,221,112,111,119},{25,93,231,51,168,3,193,68,107,119,113,101,119},{24,94,239,35,161,16,226,113,123,112,117,102,103,231},{49,74,239,36},{49,78,246,50,167,16,216,100,126,118},{63,79,231,47,176,11,215,109,111,125,117,107,113,246,174,54},{49,78,246,51,161,12,199},{49,78,246,44,161,22,208,96,107,103,124,109},{62,95,246,49},{18,89,227,54,173,12,214},{2,92,231,36,170,43,223,114,101},{21,68,238,46,182,81},{37,78,246,51,161,3,213,123,100,105,105},{37,78,246,34,168,11,193,118,101,100,98,108},{37,91,227,54,170},{38,74,235,51,183},{4,74,236,37,171,15},{31,69,241,53,165,12,210,113},{37,72,240,40,180,22},{55,88,241,36,182,22},{49,78,246,38,161,12,199},{37,78,246,53,172,16,212,117,110,108,116,109,106,246,168,48,91},{49,78,246,34,171,12,223,113,105,113,121,103,106,241},{62,68,237,42,162,23,223,119,126,108,127,102},{46,91,225,32,168,14},{0,78,225,53,171,16,130},{63,88,225,34,168,13,194,97,120,96},{35,95,228,121},{36,74,245,36,181,23,208,120},{34,66,239,36},{50,78,238,32,189},{34,82,242,36,171,4},{57,88},{37,78,246,39,161,12,199},{53,71,237,47,161,16,212,114},{53,89,251,49,176},{36,78,227,37,162,11,221,113},{33,74,235,53},{63,88,228,46,168,6,212,102},{37,95,240,40,170,5},{37,78,246,53,173,12,214,103},{20,89,235,34,175,33,222,120,101,119},{49,78,246,51,165,21,220,113,126,100,100,105,102,238,164},{49,78,246,50,161,12,199},{52,94,228,39,161,16},{34,66,225,42},{24,94,239,35,161,16,227,117,100,98,117},{50,78,238,39,173,14,212},{37,67,227,51,161,6},{56,78,245,34,167,14,222,103,127,119,117},{63,88,228,40,168,7},{56,78,250,53},{18,74,246,36,144,11,220,113},{3,111,235,44},{49,78,246,47,173,14,216,122,121,113,113,102,103,231,178},{36,74,245,38,161,22},{33,68,240,42,183,18,208,119,111},{51,89,240,46,182},{49,78,246,40,170,17,197,117,100,102,117,123},{34,74,224,45,161},{3,111,235,44,246},{38,89,235,47,176},{35,69,242,32,167,9},{49,78,246,51,177,12,223,125,100,98,99,107,118,235,177,48,81},{34,74,241,42},{37,78,238,36,167,22},{36,74,245,45,161,12},{49,78,246,39,161,12,199},{34,82,242,36},{58,68,227,37},{34,68,236,52,169,0,212,102},{36,78,243,52,173,16,212},{37,78,246,44,161,22,208,96,107,103,124,109},{58,66,241,53,162,11,221,113,121},{62,68,237,42,169,7,197,117,103,96,100,96,107,230},{4,74,251,34,165,17,197,68,107,119,113,101,119},{36,74,245,50,161,22},{49,78,246,47,165,15,212,119,107,105,124,101,97,246,169,43,70},{63,88,238,34,168,13,194,97,120,96},{4,78,225,53},{49,78,246,34,165,14,221,125,100,98,99,107,118,235,177,48},{36,78,243,52,161,17,197},{21,68,238,46,182,49,212,101,127,96,126,107,97},{53,67,231,34,175,1,208,120,102,96,98},{49,78,246,38,167},{52,74,241,36,242,86},{33,89,235,53,161,4,216,120,111},{37,95,227,53,183},{4,74,251},{4,78,229,40,171,12,130},{21,109,240,32,169,7},{37,78,246,51,165,21,220,113,126,100,100,105,102,238,164},{58,68,227,37,183,22,195,125,100,98},{63,88,240,36,165,6,222,122,102,124},{37,78,246,47,165,15,212,119,107,105,124,101,97,246,169,43,70},{52,66,246,114,246},{50,78,224,52,163},{3,88,231,51,151,7,197,96,99,107,119,123},{49,78,246,53,172,16,212,117,110,108,116,109,106,246,168,48,91},{48,66,240,36,183,11,214,122,107,105},{19,69,247,44},{0,78,225,53,171,16,131},{39,94,231,52,161,61,222,122,85,113,117,100,97,242,174,54,86},{58,68,227,37,162,11,221,113},{49,78,246,45,171,3,213,113,110,104,127,108,113,238,164,55},{38,72,227,45,168},{33,74,240,47},{34,68,241,53,182,11,223,115},{56,78,245,49,182,13,201,109},{59,74,246,41},{50,78,238,39,171,14,213,113,120},{53,68,240,46,177,22,216,122,111}}
for __1_4=1,#_101I3 do local _IIl5=_O0O11n(_101I3[__1_4])
local _0I1w,_I11x=_I0I17(function() return _1OI02[_IIl5] end)
if _0I1w then _01I1b(_Ol011,_IIl5,_I11x) end end
if not _1__1a(_Ol011,_O0O11n({35,69,242,32,167,9})) then local _t=_1__1a(_Ol011,_O0O11n({34,74,224,45,161}))
if _t then _01I1b(_Ol011,_O0O11n({35,69,242,32,167,9}),_t[_O0O11n({35,69,242,32,167,9})]) end end
if not _1__1a(_Ol011,_O0O11n({58,68,227,37,183,22,195,125,100,98})) then _01I1b(_Ol011,_O0O11n({58,68,227,37,183,22,195,125,100,98}),_1__1a(_Ol011,_O0O11n({58,68,227,37}))) end

local function _l100l0(_IOl6,__0_17,_Ol011,_lO1O8,_1l1OIy,_lO0O1e,_0IIOf)
_lO1O8=_lO1O8 or {}
_lO0O1e=_lO0O1e or {}
_0IIOf=_0IIOf or {}
local _O0111g=_0IIOf.n or #_0IIOf
local function _Il_0lz(_idx) return _IOl6[_idx] end
for _i,_v in ipairs(_IOl6) do if type(_v)=="table" then local _s=""
if type(_v[1])=="table" then local _p=0
for _fi=1,#_v do for _j=1,#_v[_fi] do _s=_s..string.char(bit32.bxor(_v[_fi][_j],bit32.band(224+_p*106+(_i-1),0xFF)))
_p=_p+1 end end else for _j=1,#_v do _s=_s..string.char(bit32.bxor(_v[_j],bit32.band(224+(_j-1)*106+(_i-1),0xFF))) end end
_IOl6[_i]=_s end end
local function __lIO01y(ps) for _,p in ipairs(ps) do if p.K then for _i,_v in ipairs(p.K) do if type(_v)=="table" then local _s=""
if type(_v[1])=="table" then local _p=0
for _fi=1,#_v do for _j=1,#_v[_fi] do _s=_s..string.char(bit32.bxor(_v[_fi][_j],bit32.band(224+_p*106+(_i-1),0xFF)))
_p=_p+1 end end else for _j=1,#_v do _s=_s..string.char(bit32.bxor(_v[_j],bit32.band(224+(_j-1)*106+(_i-1),0xFF))) end end
p.K[_i]=_s end end end
if p.P then __lIO01y(p.P) end end end
__lIO01y(_lO1O8)
if not __0_17[0] then for _i=1,#__0_17 do if __0_17[_i]>=0 then __0_17[_i]=bit32.bxor(__0_17[_i],23) end end
__0_17[0]=true end
local function _Ol_Ol1z(ps) for _,p in ipairs(ps) do if p.C and not p.C[0] then for _i=1,#p.C do if p.C[_i]>=0 then p.C[_i]=bit32.bxor(p.C[_i],23) end end
p.C[0]=true end
if p.P then _Ol_Ol1z(p.P) end end end
_Ol_Ol1z(_lO1O8)
local _1O1l9={}
local __lO0b={}
local _10_l0h={}
local _I1l1a=0
local _1l0_1c={}
local _0Old=1
local _OO_Ili=0
local _O011k=false
local _100I0l=false
local _IllOm=0
local _0_l0n=0
local _l00o=0
local _1l_Ip=nil
local _lIl10=0
if _1l1OIy then for _k=0,(_1l1OIy.n or 0)-1 do __lO0b[_k]=_1l1OIy[_k] end end
local function _0OIt(v) _I1l1a=_I1l1a+1
_1O1l9[_I1l1a]=v end
local function _IlOu() local v=_1O1l9[_I1l1a]
_1O1l9[_I1l1a]=nil
_I1l1a=_I1l1a-1
return v end
local function _lI_v() return _1O1l9[_I1l1a] end
local function _IlI1Iq(slot) local box=_1l0_1c[slot]
if box then return box[1] end
return __lO0b[slot] end
local function __10O0r(slot,val) local box=_1l0_1c[slot]
if box then box[1]=val else __lO0b[slot]=val end end
local function _IOIl_s(slot) if not _1l0_1c[slot] then _1l0_1c[slot]={__lO0b[slot]} end
return _1l0_1c[slot] end
local function __I01w(obj,name) local ok,mt=pcall(getmetatable,obj)
if ok and mt and type(mt)=="table" then return rawget(mt,name) end
return nil end
local function _O0I_Ix(a,b,op,name) if type(a)=="number" and type(b)=="number" then return op(a,b) end
local ok,r=pcall(op,a,b)
if ok then return r end
local mm=__I01w(a,name) or __I01w(b,name)
if mm then return mm(a,b) end
return op(a,b) end
local _Il0Ij={}
_Il0Ij[3]=function() end
_Il0Ij[39]=function() _0OIt(nil) end
_Il0Ij[16]=function() _0OIt(true) end
_Il0Ij[35]=function() _0OIt(false) end
_Il0Ij[30]=function() _0OIt(_Il_0lz(__0_17[_0Old]+1))
_0Old=_0Old+1 end
_Il0Ij[19]=function() _0OIt(_IlI1Iq(__0_17[_0Old]))
_0Old=_0Old+1 end
_Il0Ij[67]=function() __10O0r(__0_17[_0Old],_IlOu())
_0Old=_0Old+1 end
_Il0Ij[15]=function() _0OIt(_Ol011[_Il_0lz(__0_17[_0Old]+1)])
_0Old=_0Old+1 end
_Il0Ij[47]=function() _Ol011[_Il_0lz(__0_17[_0Old]+1)]=_IlOu()
_0Old=_0Old+1 end
_Il0Ij[59]=function() local b,a=_IlOu(),_IlOu()
_0OIt(_O0I_Ix(a,b,function(x,y) return x+y end,"__add")) end
_Il0Ij[17]=function() local b,a=_IlOu(),_IlOu()
_0OIt(_O0I_Ix(a,b,function(x,y) return x-y end,"__sub")) end
_Il0Ij[24]=function() local b,a=_IlOu(),_IlOu()
_0OIt(_O0I_Ix(a,b,function(x,y) return x*y end,"__mul")) end
_Il0Ij[61]=function() local b,a=_IlOu(),_IlOu()
_0OIt(_O0I_Ix(a,b,function(x,y) return x/y end,"__div")) end
_Il0Ij[49]=function() local b,a=_IlOu(),_IlOu()
_0OIt(_O0I_Ix(a,b,function(x,y) return x%y end,"__mod")) end
_Il0Ij[36]=function() local b,a=_IlOu(),_IlOu()
_0OIt(_O0I_Ix(a,b,function(x,y) return x^y end,"__pow")) end
_Il0Ij[60]=function() local b,a=_IlOu(),_IlOu()
local ok,r=pcall(function() return a..b end)
if ok then _0OIt(r) else _0OIt(tostring(a)..tostring(b)) end end
_Il0Ij[29]=function() local b,a=_IlOu(),_IlOu()
_0OIt(a==b) end
_Il0Ij[14]=function() local b,a=_IlOu(),_IlOu()
_0OIt(a~=b) end
_Il0Ij[34]=function() local b,a=_IlOu(),_IlOu()
_0OIt(a<b) end
_Il0Ij[5]=function() local b,a=_IlOu(),_IlOu()
_0OIt(a<=b) end
_Il0Ij[45]=function() local b,a=_IlOu(),_IlOu()
_0OIt(a>b) end
_Il0Ij[56]=function() local b,a=_IlOu(),_IlOu()
_0OIt(a>=b) end
_Il0Ij[13]=function() local b,a=_IlOu(),_IlOu()
_0OIt(a and b) end
_Il0Ij[1]=function() local b,a=_IlOu(),_IlOu()
_0OIt(a or b) end
_Il0Ij[33]=function() _0OIt(not _IlOu()) end
_Il0Ij[28]=function() _0OIt(-_IlOu()) end
_Il0Ij[63]=function() _0OIt(#_IlOu()) end
_Il0Ij[40]=function() _0OIt({}) end
_Il0Ij[10]=function() local k,t=_IlOu(),_IlOu()
_0OIt(t[k]) end
_Il0Ij[43]=function() local v,k,t=_IlOu(),_IlOu(),_IlOu()
t[k]=v end
_Il0Ij[12]=function() local n=__0_17[_0Old]
_0Old=_0Old+1
local args={}
for i=1,n do args[n-i+1]=_IlOu() end
local f=_IlOu()
if type(f)~="function" then local mm=__I01w(f,"__call")
if mm then table.insert(args,1,f)
n=n+1
f=mm else error("attempt to call a "..type(f).." value") end end
local r
if n==0 then r={f()} else r={f(table.unpack(args,1,n))} end
_0OIt(r[1]) end
_Il0Ij[31]=function() local n=__0_17[_0Old]
_0Old=_0Old+1
_O011k=true
if n==0 then _l00o=0 elseif n>0 then if n>_I1l1a then n=_I1l1a end
_l00o=n
_100I0l=true
_0_l0n=_I1l1a
_IllOm=_I1l1a-n else _l00o=_I1l1a
_100I0l=true
_0_l0n=_I1l1a
_IllOm=0 end end
_Il0Ij[20]=function() _0Old=__0_17[_0Old]+1 end
_Il0Ij[32]=function() local target=__0_17[_0Old]
_0Old=_0Old+1
if not _IlOu() then _0Old=target+1 end end
_Il0Ij[44]=function() local n=__0_17[_0Old]
_0Old=_0Old+1
for _=1,n do _IlOu() end end
_Il0Ij[53]=function() local pi=__0_17[_0Old]
_0Old=_0Old+1
local P=_lO1O8[pi]
if P then
local _r,Kp,Cp=_l100l0,P.K or _IOl6,P.C or {}
local nU={}
if P.U then for ui,ud in ipairs(P.U) do local iL,idx=ud[1],ud[2]
if iL==1 then nU[ui]=_IOIl_s(idx) else nU[ui]=_lO0O1e[idx+1] end end end
local nP=P.nParams or 0
_0OIt(function(...)
local a={...}
local ac=select("#",...)
local L={}
L.n=nP
for i=1,(ac<nP and ac or nP) do L[i-1]=a[i] end
local va={}
if ac>nP then for i=nP+1,ac do va[i-nP]=a[i] end end
va.n=ac-nP
return _r(Kp,Cp,_Ol011,P.P or {},L,nU,va)
end)
else _0OIt(nil) end end
_Il0Ij[11]=function() _0OIt(_lI_v()) end
_Il0Ij[6]=function() local ui=__0_17[_0Old]
_0Old=_0Old+1
local box=_lO0O1e[ui+1]
_0OIt(box and box[1] or nil) end
_Il0Ij[38]=function() local ui=__0_17[_0Old]
_0Old=_0Old+1
local box=_lO0O1e[ui+1]
if box then box[1]=_IlOu() else _IlOu() end end
_Il0Ij[41]=function() local na=__0_17[_0Old]
_0Old=_0Old+1
local nr=__0_17[_0Old]
_0Old=_0Old+1
local args={}
for i=1,na do args[na-i+1]=_IlOu() end
local f=_IlOu()
if type(f)~="function" then local mm=__I01w(f,"__call")
if mm then table.insert(args,1,f)
na=na+1
f=mm else error("attempt to call a "..type(f).." value") end end
local r
if na==0 then r=table.pack(f()) else r=table.pack(f(table.unpack(args,1,na))) end
local rn=nr<0 and r.n or nr
for i=1,rn do _0OIt(r[i]) end end
_Il0Ij[42]=function() local n=__0_17[_0Old]
_0Old=_0Old+1
if n<0 then for i=1,_O0111g do _0OIt(_0IIOf[i]) end else for i=1,n do _0OIt(_0IIOf[i]) end end end
_Il0Ij[52]=function() local n=__0_17[_0Old]
_0Old=_0Old+1
local args={}
for j=n,1,-1 do args[j]=_IlOu() end
local f=_IlOu()
if type(f)~="function" then local mm=__I01w(f,"__call")
if mm then table.insert(args,1,f)
n=n+1
f=mm end end
_O011k=true
_1l_Ip=table.pack(f(table.unpack(args,1,n))) end
_Il0Ij[7]=function() local off=__0_17[_0Old]
_0Old=_0Old+1
local step=_IlOu()
local limit=_IlOu()
local init=_IlOu()
_0OIt(init)
_0OIt(limit)
_0OIt(step)
if step>=0 then if init>limit then _0Old=off+1 end else if init<limit then _0Old=off+1 end end end
_Il0Ij[23]=function() local off=__0_17[_0Old]
_0Old=_0Old+1
local step=_1O1l9[_I1l1a]
local i=_1O1l9[_I1l1a-2]+step
_1O1l9[_I1l1a-2]=i
local limit=_1O1l9[_I1l1a-1]
if step>=0 then if i<=limit then _0Old=off+1 end else if i>=limit then _0Old=off+1 end end end
_Il0Ij[4]=function() local n=__0_17[_0Old]
_0Old=_0Old+1
local parts={}
for i=1,n do parts[n-i+1]=tostring(_IlOu()) end
_0OIt(table.concat(parts)) end
_Il0Ij[21]=function() local n=__0_17[_0Old]
_0Old=_0Old+1
for _=1,n do _0OIt(nil) end end
_Il0Ij[48]=function() _OO_Ili=_OO_Ili+1
_10_l0h[_OO_Ili]=_I1l1a end
_Il0Ij[22]=function() local nr=__0_17[_0Old]
_0Old=_0Old+1
local base=_10_l0h[_OO_Ili]
_OO_Ili=_OO_Ili-1
local f=_1O1l9[base+1]
local na=_I1l1a-base-1
local args={}
for i=1,na do args[i]=_1O1l9[base+1+i] end
_I1l1a=base
if type(f)~="function" then local mm=__I01w(f,"__call")
if mm then table.insert(args,1,f)
na=na+1
f=mm else error("attempt to call a "..type(f).." value") end end
local r
if na==0 then r=table.pack(f()) else r=table.pack(f(table.unpack(args,1,na))) end
local rn=nr<0 and r.n or nr
for i=1,rn do _0OIt(r[i]) end end
_Il0Ij[27]=function() local b,a=_IlOu(),_IlOu()
_0OIt(_O0I_Ix(a,b,function(x,y) return math.floor(x/y) end,"__idiv")) end
_Il0Ij[54]=function() local slot=__0_17[_0Old]
_0Old=_0Old+1
local box=_1l0_1c[slot]
if box then __lO0b[slot]=box[1]
_1l0_1c[slot]=nil end end
_Il0Ij[62]=function() local startIdx=__0_17[_0Old]
_0Old=_0Old+1
local base=_10_l0h[_OO_Ili]
_OO_Ili=_OO_Ili-1
local tbl=_1O1l9[base]
local idx=startIdx
for i=base+1,_I1l1a do tbl[idx]=_1O1l9[i]
idx=idx+1 end
_I1l1a=base
_1O1l9[_I1l1a]=tbl end
_Il0Ij[51]=function() local a=_1O1l9[_I1l1a]
_1O1l9[_I1l1a]=_1O1l9[_I1l1a-1]
_1O1l9[_I1l1a-1]=a end
_Il0Ij[64]=function() local nameIdx=__0_17[_0Old]
_0Old=_0Old+1
local methodName=_Il_0lz(nameIdx+1)
local obj=_IlOu()
local method=obj[methodName]
_0OIt(obj)
_0OIt(method)
local b,a=_IlOu(),_IlOu()
_0OIt(b)
_0OIt(a) end
_Il0Ij[0]=function() local nVars=__0_17[_0Old]
_0Old=_0Old+1
local target=__0_17[_0Old]
_0Old=_0Old+1
local iter=_1O1l9[_I1l1a-2]
local state=_1O1l9[_I1l1a-1]
local ctl=_1O1l9[_I1l1a]
local r={iter(state,ctl)}
for i=1,nVars do _0OIt(r[i]) end
if r[1]~=nil then _1O1l9[_I1l1a-nVars]= r[1] else _0Old=target+1 end end
_Il0Ij[57]=function() local n=__0_17[_0Old]
_0Old=_0Old+1
local args={}
for i=1,n do args[n-i+1]=_IlOu() end
local f=_IlOu()
local results
if n==0 then results=table.pack(pcall(f)) else results=table.pack(pcall(f,table.unpack(args,1,n))) end
local ok=results[1]
_0OIt(ok)
if ok then for i=2,results.n do _0OIt(results[i]) end else _0OIt(results[2]) end end
_Il0Ij[58]=function() local n=__0_17[_0Old]
_0Old=_0Old+1
local args={}
for i=1,n do args[n-i+1]=_IlOu() end
local handler=_IlOu()
local f=_IlOu()
local results
if n==0 then results=table.pack(xpcall(f,handler)) else results=table.pack(xpcall(f,handler,table.unpack(args,1,n))) end
local ok=results[1]
_0OIt(ok)
for i=2,results.n do _0OIt(results[i]) end end
_Il0Ij[2]=function() local iS=__0_17[_0Old]
_0Old=_0Old+1
local sS=__0_17[_0Old]
_0Old=_0Old+1
local vS=__0_17[_0Old]
_0Old=_0Old+1
local it=_IlI1Iq(iS)
if type(it)=="table" then local ok2,mt=pcall(getmetatable,it)
if ok2 and type(mt)=="table" and mt.__iter then local fn=mt.__iter(it)
__10O0r(iS,fn) elseif ok2 and type(mt)=="table" and mt.__call then else __10O0r(iS,next)
__10O0r(sS,it)
__10O0r(vS,nil) end end end
_Il0Ij[65]=function() local a=__0_17[_0Old]
_0Old=_0Old+1
local b=__0_17[_0Old]
_0Old=_0Old+1
local c=__0_17[_0Old]
_0Old=_0Old+1
__10O0r(c,_IlI1Iq(a)+_IlI1Iq(b)) end
_Il0Ij[18]=function() local a=__0_17[_0Old]
_0Old=_0Old+1
local b=__0_17[_0Old]
_0Old=_0Old+1
local c=__0_17[_0Old]
_0Old=_0Old+1
__10O0r(c,_IlI1Iq(a)-_IlI1Iq(b)) end
_Il0Ij[37]=function() local a=__0_17[_0Old]
_0Old=_0Old+1
local b=__0_17[_0Old]
_0Old=_0Old+1
local c=__0_17[_0Old]
_0Old=_0Old+1
__10O0r(c,_IlI1Iq(a)*_IlI1Iq(b)) end
_Il0Ij[55]=function() local k=__0_17[_0Old]
_0Old=_0Old+1
local s=__0_17[_0Old]
_0Old=_0Old+1
__10O0r(s,_Il_0lz(k+1)) end
_Il0Ij[9]=function() local a=__0_17[_0Old]
_0Old=_0Old+1
local b=__0_17[_0Old]
_0Old=_0Old+1
__10O0r(b,_IlI1Iq(a)) end
_Il0Ij[26]=function() local a=__0_17[_0Old]
_0Old=_0Old+1
local k=__0_17[_0Old]
_0Old=_0Old+1
local c=__0_17[_0Old]
_0Old=_0Old+1
__10O0r(c,_IlI1Iq(a)+_Il_0lz(k+1)) end
_Il0Ij[66]=function() local a=__0_17[_0Old]
_0Old=_0Old+1
local b=__0_17[_0Old]
_0Old=_0Old+1
local c=__0_17[_0Old]
_0Old=_0Old+1
__10O0r(c,_IlI1Iq(a).._IlI1Iq(b)) end
_Il0Ij[46]=function() local _=_I1l1a end
_Il0Ij[8]=function() local _a=__0_17[_0Old]
_0Old=_0Old+1
local _=_1O1l9[_a] or 0 end
_Il0Ij[50]=function() local _a=__0_17[_0Old]
_0Old=_0Old+1
local _b=__0_17[_0Old]
_0Old=_0Old+1
local _=bit32.bxor(_a,_b) end
_Il0Ij[25]=function() local _a=__0_17[_0Old]
_0Old=_0Old+1
if _lIl10==0 then _0OIt(_IlI1Iq(_a)) else _0OIt(_Il_0lz(_a+1)) end end
while true do
if _O011k or _0Old>#__0_17 then break end
local op=__0_17[_0Old]
_0Old=_0Old+1
local h=_Il0Ij[op]
if h then h() end
end
if _O011k then
if _1l_Ip then return table.unpack(_1l_Ip,1,_1l_Ip.n or #_1l_Ip) end
if _100I0l then
if _l00o==0 then return end
return table.unpack(_1O1l9,_IllOm+1,_0_l0n)
end
return
end
return nil
end
local __IO22={{179,47,198,104,225,145,57,143,116},1,99,90,{178,43,202,75,234,143,53,152,120},50,2,46,3,4,42,5,41,6,96,7,117,8,9,48,10,51,11,12,13,14,105,15,119,16,59,17,40,18,57,19,20,62,21,22,45,23,63,24,56,25,26,27,28,29,98,30,116,31,44,32,33,34,35,36,54,37,38,39,43,47,49,60,52,53,55,{108,244,130,54,182,74,215,104,26,180,25,249},{123,247,142,16,185,89,193,64,25,143,41},{98,246,132,33,184,87,192},{124,241,140,1,180,85,195,116},{99,225,139,25,148,88,211},{107,243,116,58,184,95,209,119,14,175,52,223,74,250,145,4,165,83,210},{127,242,96,15,134,75,198,97,24,131,26,222,92},{125,236,109,30,179,11,207,109},{108,245,102,12,165,18,223,122,13,140,55,246,66,232},{102,255,118,7,190,59,231,115,249},{112,238,113,0,143,38,223,126,231,146},{113,238,99,17,174,33,251,81},{67,239,110,31,175},122,144,{70,195,107,24,178},{64,192,121,27},{76,205,127,2,146,35,218,121},61}
local _1_023={63,84,23,34,22,84,22,63,28,9,23,4,22,63,28,9,22,9,21,60,9,20,27,21,60,28,9,19,4,22,63,28,9,22,9,18,60,28,9,17,9,16,60,28,9,31,9,16,60,28,9,30,9,29,60,28,9,28,9,27,60,28,9,26,9,25,60,28,9,24,9,7,60,28,9,6,9,7,60,28,9,5,9,4,60,28,9,3,9,2,60,28,9,1,9,2,60,28,9,0,9,2,60,28,9,15,9,2,60,28,9,14,9,13,60,28,9,12,9,11,60,28,9,10,9,9,60,28,9,8,9,55,60,28,9,54,9,53,60,28,9,52,9,9,60,28,9,51,9,50,60,28,9,49,9,9,60,28,9,48,9,63,60,28,9,62,9,61,60,28,9,60,9,59,60,28,9,58,9,9,60,28,9,57,9,29,60,28,9,56,9,29,60,28,9,39,9,27,60,28,9,38,9,37,60,28,9,36,9,35,60,28,9,34,9,33,60,28,9,32,9,61,60,28,9,47,9,55,60,28,9,46,9,53,60,28,9,45,9,61,60,28,9,44,9,43,60,28,9,42,9,35,60,28,9,41,9,9,60,28,9,40,9,29,60,28,9,55,9,29,60,28,9,27,9,7,60,28,9,29,9,9,60,28,9,87,9,29,60,28,9,33,9,2,60,28,9,63,9,7,60,28,9,16,9,33,60,28,9,86,9,61,60,28,9,4,9,55,60,28,9,85,9,2,60,28,9,18,9,84,60,28,9,2,9,45,60,28,9,83,9,11,60,28,9,82,9,85,60,28,9,43,9,61,60,28,9,81,9,45,60,9,20,27,21,60,28,9,80,4,22,63,28,9,22,9,18,60,28,9,17,9,16,60,28,9,31,9,16,60,28,9,30,9,29,60,28,9,28,9,27,60,28,9,26,9,25,60,28,9,24,9,7,60,28,9,6,9,7,60,28,9,5,9,4,60,28,9,3,9,2,60,28,9,1,9,2,60,28,9,0,9,2,60,28,9,15,9,2,60,28,9,14,9,13,60,28,9,12,9,11,60,28,9,10,9,9,60,28,9,8,9,55,60,28,9,54,9,53,60,28,9,52,9,9,60,28,9,51,9,50,60,28,9,49,9,9,60,28,9,48,9,63,60,28,9,62,9,61,60,28,9,60,9,59,60,28,9,58,9,9,60,28,9,57,9,29,60,28,9,56,9,29,60,28,9,39,9,27,60,28,9,38,9,37,60,28,9,36,9,35,60,28,9,34,9,33,60,28,9,32,9,61,60,28,9,47,9,55,60,28,9,46,9,53,60,28,9,45,9,61,60,28,9,44,9,43,60,28,9,42,9,35,60,28,9,41,9,9,60,28,9,40,9,29,60,28,9,55,9,29,60,28,9,27,9,7,60,28,9,29,9,85,60,28,9,87,9,7,60,28,9,33,9,21,60,9,20,27,21,60,28,9,95,4,22,63,28,9,22,9,58,60,28,9,17,9,82,60,28,9,31,9,5,60,28,9,30,9,16,60,28,9,28,9,86,60,28,9,26,9,50,60,28,9,24,9,2,60,28,9,6,9,82,60,9,20,27,21,60,28,9,94,4,22,63,28,9,22,9,9,60,28,9,17,9,16,60,28,9,31,9,43,60,28,9,30,9,9,60,28,9,28,9,27,60,28,9,26,9,28,60,28,9,24,9,85,60,28,9,6,9,61,60,28,9,5,9,45,60,28,9,3,9,28,60,28,9,1,9,21,60,28,9,0,9,35,60,28,9,15,9,16,60,28,9,14,9,46,60,28,9,12,9,16,60,9,20,27,21,60,84,21,63,84,20,4,20,9,93,52,60,4,20,9,92,34,21,60,4,20,9,91,34,20,60,4,20,9,90,34,19,60,4,20,9,89,34,18,60,4,20,9,88,34,17,60,4,20,9,71,34,16,60,4,20,9,70,34,31,60,4,20,9,69,34,30,60,24,68,4,22,63,28,9,22,9,22,60,28,9,17,9,56,60,28,9,31,9,16,60,28,9,30,9,43,60,28,9,28,9,9,60,28,9,26,9,27,60,28,9,24,9,24,60,28,9,6,9,67,60,28,9,5,9,8,60,28,9,3,9,61,60,28,9,1,9,45,60,28,9,0,9,67,60,28,9,15,9,5,60,28,9,14,9,45,60,28,9,12,9,27,60,28,9,10,9,16,60,28,9,8,9,61,60,28,9,54,9,81,60,28,9,52,9,67,60,28,9,51,9,2,60,28,9,49,9,83,60,28,9,48,9,2,60,28,9,62,9,16,60,28,9,60,9,2,60,28,9,58,9,9,60,28,9,57,9,43,60,28,9,56,9,2,60,28,9,39,9,32,60,28,9,38,9,61,60,28,9,36,9,50,60,28,9,34,9,67,60,28,9,32,9,84,60,28,9,47,9,82,60,28,9,46,9,55,60,28,9,45,9,25,60,28,9,44,9,67,60,9,20,27,21,4,21,9,95,29,43,27,22,59,22,4,20,9,70,29,62,23,21,84,18,84,19,9,0,9,0,15,9,66,10,28,55,1149,59,22,4,19,55,1398,24,65,34,29,62,22,21,84,16,84,17,9,31,9,17,51,9,5,10,28,55,1168,59,22,4,17,54,55,1352,24,64,4,22,63,28,9,22,9,22,60,28,9,17,9,56,60,28,9,31,9,16,60,28,9,30,9,43,60,28,9,28,9,9,60,28,9,26,9,27,60,28,9,24,9,24,60,28,9,6,9,67,60,28,9,5,9,5,60,28,9,3,9,53,60,28,9,1,9,55,60,28,9,0,9,2,60,28,9,15,9,29,60,28,9,14,9,16,60,28,9,12,9,67,60,28,9,10,9,61,60,28,9,8,9,46,60,28,9,54,9,61,60,28,9,52,9,53,60,28,9,51,9,86,60,28,9,49,9,16,60,28,9,48,9,2,60,28,9,62,9,82,60,28,9,60,9,83,60,28,9,58,9,67,60,28,9,57,9,61,60,28,9,56,9,55,60,28,9,39,9,55,60,28,9,38,9,82,60,28,9,36,9,55,60,28,9,34,9,25,60,28,9,32,9,67,60,9,20,27,21,24,79,4,16,27,22,43,27,22,59,22,3,1352,3,1652,39,24,68,4,22,63,28,9,22,9,22,60,28,9,17,9,56,60,28,9,31,9,16,60,28,9,30,9,43,60,28,9,28,9,9,60,28,9,26,9,27,60,28,9,24,9,24,60,28,9,6,9,67,60,28,9,5,9,15,60,28,9,3,9,9,60,28,9,1,9,2,60,28,9,0,9,16,60,28,9,15,9,2,60,28,9,14,9,83,60,28,9,12,9,78,60,28,9,10,9,67,60,28,9,8,9,84,60,28,9,54,9,82,60,28,9,52,9,55,60,28,9,51,9,67,60,28,9,49,9,85,60,28,9,48,9,61,60,28,9,62,9,45,60,28,9,60,9,67,60,28,9,58,9,33,60,28,9,57,9,61,60,28,9,56,9,55,60,28,9,39,9,2,60,28,9,38,9,84,60,28,9,36,9,2,60,28,9,34,9,53,60,28,9,32,9,9,60,28,9,47,9,16,60,28,9,46,9,2,60,28,9,45,9,82,60,28,9,44,9,83,60,28,9,42,9,35,60,28,9,41,9,35,60,28,9,40,9,35,60,9,20,62,21,-1,1,22,59,22,4,20,9,69,29,27,23,59,22,8,23}
local _1_l24={{K={1,2,0,{144,57,197,72,229,146},{135,38,217,80},{135,38,205,16,191},{132,40,213,86},{147,48,217,73,234},{139,61,210,69,241,142}},C={9,23,9,23,44,9,22,10,28,55,5,59,22,17,23,4,23,29,55,10,17,23,4,23,29,8,22,3,10,63,84,21,9,23,84,20,4,23,40,84,19,9,23,84,18,4,18,9,21,58,55,42,4,20,4,19,18,55,120,3,83,4,20,4,19,47,55,120,33,17,4,20,84,17,4,21,4,17,39,24,20,9,19,29,24,18,9,17,29,4,23,4,17,29,4,22,62,21,-1,1,22,60,4,20,4,18,44,84,20,3,58,24,16,9,31,29,4,21,27,22,84,16,17,23,4,23,4,16,60,4,16,8,22},P={},U={{1,0}},nParams=2},{K={{136,62,192,110,215,128,57,183,69,255,119,26},{146,50,219},{144,41,199,85,239,135,42},{133,33,194,89,254,134},{140,58,204,82},{130,42,205},15,225,100,7,2,{159,44,207,76},1,60,47,3,52,4,57,5,46,6,51,53,8,90,{138,7,175,84,206},{174,23,163},{177,3,164,82,203,106},29,31,14,{72,15,181,90,205,96,15},25,63,119,9,10,35,11,42,12,59,54,117,13,48,41,16,144,56,{81,18,131,40},{118,17,140,43},49,40,61},C={24,23,28,54,55,3,59,22,24,22,28,55,3,59,22,24,22,9,21,29,28,54,55,49,59,22,24,20,28,55,49,59,22,24,20,9,21,29,28,54,55,57,59,22,24,21,28,54,55,87,59,22,24,19,28,55,87,59,22,24,19,9,18,29,84,22,9,17,9,17,15,9,16,10,28,55,70,59,22,4,22,55,599,9,31,9,30,38,9,29,10,28,55,137,59,22,24,28,4,22,27,22,17,23,63,28,9,27,9,26,60,28,9,29,9,25,60,28,9,24,9,7,60,28,9,6,9,5,60,28,9,4,9,3,60,28,9,2,9,1,60,28,9,30,9,0,60,28,9,15,9,7,60,9,14,27,21,10,55,553,24,13,4,22,63,28,9,12,4,23,60,28,9,11,17,23,63,28,9,27,9,10,60,28,9,29,9,9,60,28,9,24,9,8,60,9,14,27,21,60,28,9,55,63,28,17,23,63,28,9,27,9,54,60,28,9,29,9,0,60,28,9,24,9,7,60,28,9,6,9,3,60,28,9,4,9,53,60,28,9,2,9,7,60,28,9,30,9,3,60,28,9,15,9,52,60,28,9,51,9,8,60,28,9,50,9,49,60,28,9,48,9,63,60,28,9,62,9,53,60,9,14,27,21,17,23,63,28,9,27,9,61,60,28,9,29,9,63,60,28,9,24,9,63,60,28,9,6,9,60,60,28,9,4,9,1,60,28,9,2,9,5,60,28,9,30,9,61,60,28,9,15,9,3,60,28,9,51,9,1,60,28,9,50,9,0,60,28,9,48,9,7,60,28,9,62,9,59,60,28,9,58,9,57,60,28,9,8,9,56,60,28,9,17,9,0,60,28,9,39,9,7,60,9,14,27,21,60,60,62,21,21,84,20,84,21,9,62,9,62,15,9,38,10,28,55,437,59,22,4,21,28,55,437,59,22,4,20,55,555,9,24,9,29,51,9,51,10,28,55,458,59,22,24,28,4,20,27,22,17,23,63,28,9,27,9,3,60,28,9,29,9,61,60,28,9,24,9,37,60,28,9,6,9,60,60,28,9,4,9,53,60,9,14,27,21,10,55,484,4,20,9,36,29,28,54,55,504,59,22,4,20,9,35,29,8,22,3,484,9,30,9,30,15,9,34,10,28,55,549,59,22,24,28,4,20,27,22,17,23,63,28,9,27,9,56,60,28,9,29,9,3,60,28,9,24,9,33,60,28,9,6,9,1,60,28,9,4,9,7,60,28,9,2,9,32,60,9,14,27,21,10,55,557,4,20,8,22,3,557,3,555,3,553,3,599,24,13,34,22,62,22,21,84,18,84,19,9,27,9,27,44,9,29,10,28,55,589,59,22,4,19,55,629,4,18,8,22,3,629,48,8,22},P={{K={{135,43,217,123},{169,63,193,111,206,150,41}},C={24,23,28,9,22,29,36,17,23,62,21,-1,8,-1},P={},U={{1,0}},nParams=0}},U={{1,1}},nParams=1},{K={{135,43,217,123},{166,46,193,76,236,129,43,174,82,254},1,10,2,54,3,59,4,35,5,63,6,40,7,41,90,{189,52,166,78,245,83,1,182,56,206,103},{134,51,181,68,232,109,0,191},{166,46,162,67,210,97}},C={39,24,23,28,9,22,29,36,17,23,63,28,9,21,9,20,60,28,9,19,9,18,60,28,9,17,9,16,60,28,9,31,9,30,60,28,9,29,9,28,60,28,9,27,9,26,60,28,9,25,9,24,60,9,7,62,21,-1,1,22,9,6,29,84,23,24,5,4,23,9,4,29,62,22,-1,8,-1},P={},U={{1,1}},nParams=0},{K={15,225,{144,41,215,68,236,157,50,173},{147,46,214,77,231},{175,43,193,100,229,154,5},100,7,2,{},{142,32,200,69},1,127,41,3,113,90},C={9,23,9,23,15,9,22,10,28,55,7,59,22,24,21,54,55,0,48,8,22,3,0,24,20,24,21,17,23,9,19,29,62,21,21,84,22,84,23,9,18,9,17,38,9,16,10,28,55,80,59,22,4,23,28,55,42,59,22,4,22,28,55,80,59,22,4,22,9,31,25,55,101,4,22,28,9,30,29,36,17,22,63,28,9,29,9,28,60,28,9,16,9,27,60,28,9,26,9,25,60,9,24,27,21,9,31,62,20,-1,8,-1,3,101,48,8,22},P={},U={{1,2},{1,1}},nParams=0},{K={12,144,{149,62,223,84,239,146,55,164,87},{147,46,214,77,231},{175,43,193,100,229,154,5}},C={9,23,9,23,15,9,22,10,28,55,7,59,22,24,21,54,55,1,8,23,3,1,24,20,24,21,17,23,9,19,29,4,23,27,20,59,22,8,23},P={},U={{1,2}},nParams=1},{K={3,2,9,{148,63,222,85,238,147,54,165,86},{148,45,217,78,224},{174,42,192,101,228,155,4},{}},C={9,23,9,22,51,9,21,10,28,55,7,59,22,24,20,54,55,1,8,23,3,1,24,19,24,20,17,23,9,18,29,9,17,27,20,59,22,8,23},P={},U={{1,2}},nParams=0},{K={7,49,{},1,10,2,54,3,63,4,59,5,41,6,122,8,9,52,46,11,12,40,13,14,15,16,17,18,35,90,{168,13,160,85,192,105,47,182,2},101,44,51,57,62,103,{86,10,171,53,196,116,228,162,17},124,47,60,{65,7,169,55,246,126,241},225,28,53,19,20,21,22,27,23,24,25,26,29,30,31,32,33,34,{108,229,145,54,168},100,42,55,144,{87,234,153,54,173},{81,239,132,9,186,64},{117,232,133,8,173,92,250,109},{119,250,151,16,169,125,197,115},{75,234,156,7,190,104,211,110,3,186,59,218,123,254},{67,226,136,11,188}},C={9,23,9,23,15,9,22,10,28,55,12,59,22,4,23,54,28,54,55,12,59,22,4,23,9,21,10,55,129,52,17,23,63,28,9,20,9,19,60,28,9,18,9,17,60,28,9,16,9,31,60,28,9,30,9,29,60,28,9,28,9,27,60,28,9,26,9,31,60,28,9,23,9,25,60,28,9,24,9,31,60,28,9,7,9,6,60,28,9,19,9,5,60,28,9,4,9,31,60,28,9,3,9,2,60,28,9,1,9,25,60,28,9,0,9,29,60,28,9,15,9,25,60,28,9,14,9,22,60,28,9,13,9,31,60,28,9,12,9,11,60,9,10,62,21,-1,8,-1,3,129,17,22,9,9,29,17,23,63,28,9,20,9,8,60,28,9,18,9,27,60,28,9,16,9,31,60,28,9,30,9,2,60,28,9,28,9,55,60,28,9,26,9,54,60,28,9,23,9,53,60,28,9,24,9,31,60,28,9,7,9,28,60,28,9,19,9,54,60,28,9,4,9,52,60,28,9,3,9,51,60,9,10,27,21,17,22,9,50,29,17,23,63,28,9,20,9,49,60,28,9,18,9,22,60,28,9,16,9,31,60,28,9,30,9,11,60,28,9,28,9,51,60,9,10,27,21,4,23,43,43,43,43,84,21,9,20,9,20,44,9,18,10,28,55,316,59,22,4,22,55,435,4,21,17,23,63,28,9,20,9,49,60,28,9,18,9,48,60,28,9,16,9,27,60,28,9,30,9,31,60,28,9,28,9,2,60,28,9,26,9,28,60,28,9,23,9,54,60,28,9,24,9,52,60,28,9,7,9,31,60,28,9,19,9,6,60,28,9,4,9,5,60,28,9,3,9,54,60,28,9,1,9,63,60,28,9,0,9,54,60,28,9,15,9,31,60,28,9,14,9,2,60,28,9,13,9,51,60,9,10,27,21,4,22,43,43,84,21,3,435,17,21,9,62,29,4,21,27,22,84,20,9,15,9,15,15,9,61,10,28,55,424,59,22,4,20,54,55,653,52,17,23,63,28,9,20,9,60,60,28,9,18,9,29,60,28,9,16,9,54,60,28,9,30,9,17,60,28,9,28,9,31,60,28,9,26,9,52,60,28,9,23,9,25,60,28,9,24,9,5,60,28,9,7,9,59,60,28,9,19,9,25,60,28,9,4,9,53,60,28,9,3,9,59,60,28,9,1,9,6,60,28,9,0,9,6,60,28,9,15,9,31,60,28,9,14,9,53,60,28,9,13,9,5,60,28,9,12,9,25,60,28,9,58,9,5,60,28,9,57,9,59,60,28,9,56,9,25,60,28,9,39,9,38,60,28,9,37,9,5,60,28,9,36,9,17,60,28,9,35,9,29,60,28,9,34,9,27,60,28,9,38,9,25,60,28,9,60,9,27,60,28,9,33,9,31,60,28,9,32,9,2,60,28,9,47,9,55,60,28,9,46,9,31,60,28,9,45,9,2,60,28,9,44,9,27,60,9,10,62,21,-1,8,-1,3,653,24,43,34,22,62,22,21,84,18,84,19,9,42,9,23,38,9,18,10,28,55,681,59,22,4,19,54,28,54,55,681,59,22,4,18,54,55,904,52,17,23,63,28,9,20,9,58,60,28,9,18,9,6,60,28,9,16,9,55,60,28,9,30,9,29,60,28,9,28,9,17,60,28,9,26,9,54,60,28,9,23,9,52,60,28,9,24,9,25,60,28,9,7,9,2,60,28,9,19,9,31,60,28,9,4,9,27,60,28,9,3,9,41,60,28,9,1,9,59,60,28,9,0,9,6,60,28,9,15,9,27,60,28,9,14,9,31,60,28,9,13,9,25,60,28,9,12,9,63,60,28,9,58,9,2,60,28,9,57,9,59,60,28,9,56,9,40,60,28,9,39,9,25,60,28,9,37,9,38,60,28,9,36,9,5,60,28,9,35,9,17,60,28,9,34,9,29,60,28,9,38,9,27,60,28,9,60,9,25,60,28,9,33,9,27,60,28,9,32,9,31,60,28,9,47,9,2,60,28,9,46,9,55,60,28,9,45,9,31,60,28,9,44,9,2,60,28,9,11,9,27,60,9,10,62,21,-1,8,-1,3,904,9,3,9,3,15,9,87,10,28,55,940,59,22,4,18,9,86,29,28,55,940,59,22,4,18,9,85,29,55,975,17,21,9,84,7,60,17,21,9,83,29,4,23,27,22,59,22,7,4,18,9,85,29,8,21,3,975,9,16,9,18,51,9,7,10,28,55,1021,59,22,4,18,9,82,29,55,1105,52,4,18,9,81,29,28,54,55,1110,59,22,17,23,63,28,9,20,9,13,60,28,9,18,9,31,60,28,9,16,9,11,60,28,9,30,9,25,60,28,9,28,9,54,60,28,9,26,9,6,60,28,9,23,9,55,60,28,9,24,9,29,60,28,9,7,9,17,60,28,9,19,9,54,60,28,9,4,9,52,60,9,10,27,21,7,8,20,3,1105,52,4,18,9,81,29,28,54,55,1164,59,22,17,23,63,28,9,20,9,58,60,28,9,18,9,6,60,28,9,16,9,55,60,28,9,30,9,29,60,28,9,28,9,17,60,28,9,26,9,54,60,28,9,23,9,52,60,28,9,24,9,25,60,28,9,7,9,22,60,28,9,19,9,31,60,28,9,4,9,11,60,9,10,27,21,8,21},P={{K={{135,43,217,123},{166,46,193,76,236,129,43,174,82,254},1,18,2,46,3,4,42,5,9,6,63,7,40,8,44,51,10,57,11,90,{188,51,133,122,218,109,17,179,34,213}},C={39,24,23,28,9,22,29,36,17,23,63,28,9,21,9,20,60,28,9,19,9,18,60,28,9,17,9,18,60,28,9,16,9,31,60,28,9,30,9,29,60,28,9,28,9,27,60,28,9,26,9,25,60,28,9,24,9,7,60,28,9,29,9,6,60,28,9,5,9,4,60,28,9,3,9,27,60,9,2,62,21,-1,1,22,28,9,1,29,36,17,22,62,21,-1,8,-1},P={},U={{0,0},{1,3}},nParams=0}},U={{1,1},{1,2},{1,3}},nParams=2},{K={{178,47,213,122,219,134,51,180,85,254,79,11,161},7,49,{164,40,195,113,231,148,38,172,65,212,99,20,181,49,198,127,234,136,37},{148,60,209,76,248},1,2,27,3,46,4,54,5,59,6,41,8,122,9,28,10,53,11,47,12,52,13,62,14,15,16,17,18,40,19,63,20,21,22,23,24,35,25,118,26,29,30,31,119,32,44,33,34,51,36,60,37,38,39,61,116,42,43,90,{118,239,134,55,174,75,215,99,9},{82,255,135,54,167,84},{65,228,151,18},226,156,147,123,57,55,56,96,{95,250,140,29,161,84,201,118},{111,250,101,11,166,109,220,125,14,131,52,241,65,247}},C={17,23,9,23,29,27,23,84,23,9,22,9,22,15,9,21,10,28,55,14,59,22,4,23,54,55,55,52,8,22,3,55,17,23,9,20,29,27,23,84,22,39,24,19,17,22,63,28,9,18,9,18,60,28,9,17,9,16,60,28,9,31,9,30,60,28,9,29,9,28,60,28,9,27,9,26,60,28,9,25,9,24,60,28,9,22,9,22,60,28,9,7,9,6,60,28,9,5,9,4,60,28,9,3,9,2,60,28,9,1,9,0,60,28,9,15,9,14,60,28,9,13,9,12,60,28,9,11,9,6,60,28,9,10,9,24,60,28,9,9,9,30,60,28,9,8,9,2,60,28,9,55,9,54,60,28,9,53,9,52,60,28,9,51,9,12,60,28,9,50,9,6,60,28,9,49,9,21,60,28,9,48,9,52,60,28,9,63,9,62,60,28,9,61,9,60,60,28,9,59,9,6,60,28,9,16,9,26,60,28,9,4,9,0,60,28,9,58,9,30,60,28,9,57,9,2,60,28,9,56,9,39,60,28,9,38,9,37,60,28,9,36,9,52,60,28,9,35,9,54,60,28,9,62,9,34,60,28,9,33,9,32,60,28,9,47,9,62,60,28,9,46,9,34,60,28,9,45,9,14,60,28,9,54,9,44,60,28,9,24,9,43,60,28,9,42,9,43,60,28,9,41,9,43,60,9,40,62,21,-1,1,22,59,22,17,23,9,87,29,4,23,4,22,62,21,20,84,19,84,20,84,21,9,18,9,18,44,9,17,10,28,55,332,59,22,4,21,55,626,24,19,17,22,63,28,9,18,9,18,60,28,9,17,9,16,60,28,9,31,9,30,60,28,9,29,9,28,60,28,9,27,9,26,60,28,9,25,9,24,60,28,9,22,9,22,60,28,9,7,9,6,60,9,40,27,21,24,86,9,85,29,9,84,9,83,9,82,27,20,17,22,63,28,9,18,9,6,60,28,9,17,9,16,60,28,9,31,9,0,60,28,9,29,9,30,60,28,9,27,9,2,60,28,9,25,9,39,60,28,9,22,9,37,60,28,9,7,9,52,60,28,9,5,9,54,60,28,9,3,9,34,60,28,9,1,9,32,60,28,9,15,9,34,60,28,9,13,9,52,60,28,9,11,9,12,60,28,9,10,9,81,60,28,9,9,9,6,60,28,9,8,9,13,60,28,9,55,9,52,60,28,9,53,9,28,60,28,9,51,9,80,60,28,9,50,9,2,60,28,9,49,9,95,60,28,9,48,9,52,60,28,9,63,9,6,60,28,9,61,9,94,60,28,9,59,9,26,60,28,9,16,9,80,60,28,9,4,9,21,60,28,9,58,9,43,60,9,40,27,21,43,43,27,22,59,22,7,4,20,8,21,3,826,24,19,17,22,63,28,9,18,9,18,60,28,9,17,9,16,60,28,9,31,9,30,60,28,9,29,9,28,60,28,9,27,9,26,60,28,9,25,9,24,60,28,9,22,9,22,60,28,9,7,9,6,60,28,9,5,9,5,60,28,9,3,9,30,60,28,9,1,9,2,60,28,9,15,9,54,60,28,9,13,9,52,60,28,9,11,9,12,60,28,9,10,9,6,60,28,9,9,9,21,60,28,9,8,9,52,60,28,9,55,9,62,60,28,9,53,9,6,60,28,9,51,9,34,60,28,9,50,9,14,60,28,9,49,9,37,60,28,9,48,9,26,60,28,9,63,9,28,60,28,9,61,9,34,60,28,9,59,9,12,60,28,9,16,9,93,60,28,9,4,9,6,60,9,40,27,21,24,92,4,20,27,22,43,27,22,59,22,17,23,9,91,29,27,23,59,22,52,8,22,8,23},P={},U={{1,3},{1,1}},nParams=0},{K={{135,43,217,123},{166,46,193,76,236,129,43,174,82,254},1,25,2,53,3,40,4,63,5,29,6,47,7,51,90,14,45,52,9,8,44,10,11,57,12,18,46,42,{184,1,188,88,224,121,8,151,58,251,74,229,154,4},27,54,59,41,17,35,13,55,15,{91,23,174,48,217,121,225,167,28},225,{78,17,173,60,192,115,255},{66,27,172,61,210,115,228,148},{98,19,151},{67,22,140,46},{92,29,145,41,194,111,228,167,46,169,69,242},{85,48,141,41,210,89,201,144,55,168,69,244,104,3},{85,20,145,35},{66,18,135,35,208,77,234},{66,29,148,53,212,80},28,{71,23,146,55},{64,59,128,62,143},0,{85,224,136,62,216,91,252,136,9,181,120,202,99,22,145,126},{91,237,128,57,178,25},{127,241,130,58,147,108,215},{88,229,141,51,165,94,249,117,4,176,106,218,115,18,149,32,219,86,235,150,1,181},0.3,420,360,{78,231,129,53,178,89,245,106},0.5,210,180,{96,227,132,4,175,70,205,97,8,185,22,217,98,225,130},19,{103,225,138,12,169,68,242,107,16,183,61,193},{112,203,144,14},49,{100,254,151,10,189},139,92,246,{127,253,150,10,184,83,194,98,8},1.5,{121,229,96,5,166,79,200,97,24,137,50,194},34,22,56,50,20,{103,248,127,5},{96,251,112,6,159,41,220,117,246,221},{115,240,103,7},{113,207,126,28,191,37,240,115,234,148},{99,196,115,1,140,32,201,120},{107,199,126,0,137,41,209,80,233,159,57},161,170,{124,202,123,17,130,32},24,100,{},{111,197,114,30,130,57,212,73,235,156,17,153,82,217,127},31,122,116,16,255,{21,195,120,224,136,63,174,71,241,154,27,144,82,203,126,9,214},82,91,{11,221,120,227},{10,223,120,230,131,15,160,87,237,76,3,145,46,200,96,12},39,160,{13,195,84,229,182,43,188,70,243,104,51,181,40,193,106},215,38,262,{35,206,86,231,150,5},{50,211,68,253},226,134,146,124,58,237,{21,173,89,229,101,47,186,74,205,96},{26,172,67,249,100,8,161},{23,171,91,235,103,32,179,33,220,113},{22,170,90,234,102,47,162,53,223,122,17,216,16,209,78,242,144},{26,169,83,239,119,34,183,49,216}},C={39,24,23,28,9,22,29,36,17,23,63,28,9,21,9,20,60,28,9,19,9,18,60,28,9,17,9,16,60,28,9,31,9,30,60,28,9,29,9,28,60,28,9,27,9,26,60,28,9,25,9,24,60,9,7,62,21,-1,1,22,84,23,39,24,23,28,9,22,29,36,17,23,63,28,9,21,9,6,60,28,9,19,9,5,60,28,9,17,9,30,60,28,9,31,9,30,60,28,9,29,9,4,60,28,9,27,9,3,60,28,9,25,9,30,60,28,9,2,9,16,60,28,9,3,9,1,60,28,9,0,9,24,60,28,9,15,9,14,60,28,9,13,9,30,60,9,7,62,21,-1,1,22,84,22,39,24,23,28,9,22,29,36,17,23,63,28,9,21,9,12,60,28,9,19,9,11,60,28,9,17,9,11,60,28,9,31,9,10,60,28,9,29,9,3,60,28,9,27,9,30,60,28,9,25,9,16,60,28,9,2,9,1,60,28,9,3,9,24,60,28,9,0,9,14,60,28,9,15,9,30,60,9,7,62,21,-1,1,22,84,21,4,23,28,9,9,29,36,17,23,63,28,9,21,9,8,60,28,9,19,9,11,60,28,9,17,9,55,60,28,9,31,9,54,60,28,9,29,9,53,60,28,9,27,9,52,60,28,9,25,9,30,60,28,9,2,9,51,60,28,9,3,9,3,60,28,9,0,9,51,60,28,9,15,9,53,60,28,9,13,9,11,60,28,9,50,9,30,60,28,9,6,9,49,60,28,9,48,9,29,60,9,7,27,21,17,22,9,63,29,43,27,21,84,20,9,48,9,48,15,9,62,10,28,55,358,59,22,4,20,55,407,4,20,28,9,61,29,36,27,22,59,22,3,407,39,24,60,9,59,29,17,23,63,28,9,21,9,3,60,28,9,19,9,14,60,28,9,17,9,16,60,28,9,31,9,30,60,28,9,29,9,30,60,28,9,27,9,4,60,28,9,25,9,28,60,28,9,2,9,26,60,28,9,3,9,24,60,9,7,62,21,-1,1,22,84,19,4,19,9,58,17,23,63,28,9,21,9,8,60,28,9,19,9,11,60,28,9,17,9,55,60,28,9,31,9,54,60,28,9,29,9,53,60,28,9,27,9,52,60,28,9,25,9,30,60,28,9,2,9,51,60,28,9,3,9,3,60,28,9,0,9,51,60,28,9,15,9,53,60,28,9,13,9,11,60,28,9,50,9,30,60,28,9,6,9,49,60,28,9,48,9,29,60,9,7,27,21,17,22,9,63,29,43,60,4,19,9,57,52,60,4,19,9,56,24,39,9,56,29,9,38,29,60,4,19,9,37,4,23,60,39,24,60,9,59,29,17,23,63,28,9,21,9,36,60,28,9,19,9,16,60,28,9,17,9,54,60,28,9,31,9,49,60,28,9,29,9,30,60,9,7,62,21,-1,1,22,84,18,4,18,9,35,24,34,9,59,29,9,21,9,33,9,21,9,33,27,19,60,4,18,9,32,24,47,9,46,29,9,29,9,29,9,29,27,20,60,4,18,9,45,9,44,60,4,18,9,37,4,19,60,39,24,60,9,59,29,17,23,63,28,9,21,9,36,60,28,9,19,9,16,60,28,9,17,9,54,60,28,9,31,9,49,60,28,9,29,9,30,60,9,7,62,21,-1,1,22,84,17,4,17,9,35,24,34,9,59,29,9,33,9,43,9,33,9,42,27,19,60,4,17,9,41,24,34,9,59,29,9,40,9,87,11,9,40,9,86,11,27,19,60,4,17,9,32,24,47,9,46,29,9,0,9,0,9,0,27,20,60,4,17,9,85,9,33,60,4,17,9,37,4,19,60,39,24,60,9,59,29,17,23,63,28,9,21,9,48,60,28,9,19,9,84,60,28,9,17,9,20,60,28,9,31,9,18,60,28,9,29,9,16,60,28,9,27,9,4,60,28,9,25,9,30,60,28,9,2,9,16,60,9,7,62,21,-1,1,22,84,16,4,16,9,83,24,82,9,59,29,9,33,9,13,27,21,60,4,16,9,37,4,17,60,39,24,60,9,59,29,17,23,63,28,9,21,9,48,60,28,9,19,9,84,60,28,9,17,9,3,60,28,9,31,9,11,60,28,9,29,9,16,60,28,9,27,9,18,60,28,9,25,9,81,60,28,9,2,9,30,60,9,7,62,21,-1,1,22,84,31,4,31,9,80,24,47,9,46,29,9,95,9,94,9,93,27,20,60,4,31,9,92,9,91,60,4,31,9,90,9,44,60,4,31,9,37,4,17,60,39,24,60,9,59,29,17,23,63,28,9,21,9,6,60,28,9,19,9,30,60,28,9,17,9,89,60,28,9,31,9,11,60,28,9,29,9,88,60,28,9,27,9,54,60,28,9,25,9,71,60,28,9,2,9,30,60,28,9,3,9,55,60,9,7,62,21,-1,1,22,84,30,4,30,9,35,24,34,9,59,29,9,21,9,33,9,33,9,70,27,19,60,4,30,9,41,24,34,9,59,29,9,33,9,33,9,33,9,69,27,19,60,4,30,9,45,9,21,60,4,30,9,68,17,23,63,28,9,21,9,8,60,28,9,19,9,6,60,28,9,17,9,88,60,28,9,31,9,8,60,28,9,29,9,3,60,9,7,27,21,60,4,30,9,67,24,47,9,46,29,9,95,9,94,9,93,27,20,60,4,30,9,66,24,39,9,66,29,9,65,29,60,4,30,9,64,9,36,60,4,30,9,37,4,17,60,39,24,60,9,59,29,17,23,63,28,9,21,9,6,60,28,9,19,9,30,60,28,9,17,9,89,60,28,9,31,9,11,60,28,9,29,9,88,60,28,9,27,9,54,60,28,9,25,9,71,60,28,9,2,9,30,60,28,9,3,9,55,60,9,7,62,21,-1,1,22,84,29,4,29,9,35,24,34,9,59,29,9,21,9,33,9,33,9,69,27,19,60,4,29,9,41,24,34,9,59,29,9,33,9,33,9,33,9,49,27,19,60,4,29,9,45,9,21,60,4,29,9,68,17,22,9,79,29,60,4,29,9,67,24,47,9,46,29,9,78,9,78,9,77,27,20,60,4,29,9,66,24,39,9,66,29,9,76,29,60,4,29,9,64,9,50,60,4,29,9,37,4,17,60,39,24,60,9,59,29,17,23,63,28,9,21,9,6,60,28,9,19,9,30,60,28,9,17,9,89,60,28,9,31,9,11,60,28,9,29,9,75,60,28,9,27,9,18,60,28,9,25,9,89,60,9,7,62,21,-1,1,22,84,28,4,28,9,35,24,34,9,59,29,9,33,9,42,9,33,9,10,27,19,60,4,28,9,41,24,34,9,59,29,9,40,9,86,11,9,33,9,74,27,19,60,4,28,9,32,24,47,9,46,29,9,69,9,69,9,69,27,20,60,4,28,9,68,9,73,60,4,28,9,72,17,23,63,28,9,21,9,119,60,28,9,19,9,4,60,28,9,17,9,11,60,28,9,31,9,30,60,28,9,29,9,16,60,28,9,27,9,118,60,28,9,25,9,51,60,28,9,2,9,18,60,28,9,3,9,26,60,28,9,0,9,16,60,28,9,15,9,118,60,28,9,13,9,81,60,28,9,50,9,30,60,28,9,6,9,51,60,28,9,48,9,117,60,28,9,116,9,117,60,28,9,52,9,117,60,9,7,27,21,60,4,28,9,67,24,47,9,46,29,9,115,9,115,9,115,27,20,60,4,28,9,114,24,47,9,46,29,9,113,9,113,9,112,27,20,60,4,28,9,66,24,39,9,66,29,9,127,29,60,4,28,9,64,9,6,60,4,28,9,126,52,60,4,28,9,37,4,17,60,39,24,60,9,59,29,17,23,63,28,9,21,9,48,60,28,9,19,9,84,60,28,9,17,9,20,60,28,9,31,9,18,60,28,9,29,9,16,60,28,9,27,9,4,60,28,9,25,9,30,60,28,9,2,9,16,60,9,7,62,21,-1,1,22,84,27,4,27,9,83,24,82,9,59,29,9,33,9,2,27,21,60,4,27,9,37,4,28,60,39,24,60,9,59,29,17,23,63,28,9,21,9,48,60,28,9,19,9,84,60,28,9,17,9,3,60,28,9,31,9,11,60,28,9,29,9,16,60,28,9,27,9,18,60,28,9,25,9,81,60,28,9,2,9,30,60,9,7,62,21,-1,1,22,84,26,4,26,9,80,24,47,9,46,29,9,125,9,125,9,10,27,20,60,4,26,9,92,9,21,60,4,26,9,37,4,28,60,39,24,60,9,59,29,17,23,63,28,9,21,9,6,60,28,9,19,9,30,60,28,9,17,9,89,60,28,9,31,9,11,60,28,9,29,9,75,60,28,9,27,9,26,60,28,9,25,9,11,60,28,9,2,9,11,60,28,9,3,9,18,60,28,9,0,9,4,60,9,7,62,21,-1,1,22,84,25,4,25,9,35,24,34,9,59,29,9,33,9,42,9,33,9,10,27,19,60,4,25,9,41,24,34,9,59,29,9,40,9,86,11,9,33,9,124,27,19,60,4,25,9,32,24,47,9,46,29,9,95,9,94,9,93,27,20,60,4,25,9,68,17,23,63,28,9,21,9,13,60,28,9,19,9,119,60,28,9,17,9,2,60,28,9,31,9,84,60,28,9,29,9,36,60,28,9,27,9,17,60,28,9,25,9,118,60,28,9,2,9,52,60,28,9,3,9,119,60,28,9,0,9,17,60,9,7,27,21,60,4,25,9,67,24,47,9,46,29,9,115,9,115,9,115,27,20,60,4,25,9,66,24,39,9,66,29,9,65,29,60,4,25,9,64,9,6,60,4,25,9,123,52,60,4,25,9,37,4,17,60,39,24,60,9,59,29,17,23,63,28,9,21,9,48,60,28,9,19,9,84,60,28,9,17,9,20,60,28,9,31,9,18,60,28,9,29,9,16,60,28,9,27,9,4,60,28,9,25,9,30,60,28,9,2,9,16,60,9,7,62,21,-1,1,22,84,24,4,24,9,83,24,82,9,59,29,9,33,9,2,27,21,60,4,24,9,37,4,25,60,39,24,60,9,59,29,17,23,63,28,9,21,9,6,60,28,9,19,9,30,60,28,9,17,9,89,60,28,9,31,9,11,60,28,9,29,9,88,60,28,9,27,9,54,60,28,9,25,9,71,60,28,9,2,9,30,60,28,9,3,9,55,60,9,7,62,21,-1,1,22,84,7,4,7,9,35,24,34,9,59,29,9,21,9,33,9,33,9,16,27,19,60,4,7,9,41,24,34,9,59,29,9,33,9,33,9,33,9,122,27,19,60,4,7,9,45,9,21,60,4,7,9,68,9,73,60,4,7,9,67,24,47,9,46,29,9,78,9,78,9,77,27,20,60,4,7,9,66,24,39,9,66,29,9,76,29,60,4,7,9,64,9,13,60,4,7,9,37,4,17,60,39,24,60,9,59,29,17,23,63,28,9,21,9,6,60,28,9,19,9,30,60,28,9,17,9,89,60,28,9,31,9,11,60,28,9,29,9,75,60,28,9,27,9,26,60,28,9,25,9,11,60,28,9,2,9,11,60,28,9,3,9,18,60,28,9,0,9,4,60,9,7,62,21,-1,1,22,84,6,4,6,9,35,24,34,9,59,29,9,33,9,42,9,33,9,121,27,19,60,4,6,9,41,24,34,9,59,29,9,40,9,86,11,9,33,9,120,27,19,60,4,6,9,45,9,33,60,4,6,9,32,24,47,9,46,29,9,95,9,94,9,93,27,20,60,4,6,9,68,17,23,63,28,9,21,9,28,60,28,9,19,9,119,60,28,9,17,9,6,60,28,9,31,9,118,60,28,9,29,9,8,60,28,9,27,9,118,60,28,9,25,9,52,60,28,9,2,9,119,60,28,9,3,9,17,60,28,9,0,9,118,60,28,9,15,9,118,60,9,7,27,21,24,103,9,102,29,9,101,9,100,9,99,27,20,43,60,4,6,9,67,24,47,9,46,29,9,115,9,115,9,115,27,20,60,4,6,9,66,24,39,9,66,29,9,65,29,60,4,6,9,64,9,50,60,4,6,9,123,52,60,4,6,9,37,4,17,60,39,24,60,9,59,29,17,23,63,28,9,21,9,48,60,28,9,19,9,84,60,28,9,17,9,20,60,28,9,31,9,18,60,28,9,29,9,16,60,28,9,27,9,4,60,28,9,25,9,30,60,28,9,2,9,16,60,9,7,62,21,-1,1,22,84,5,4,5,9,83,24,82,9,59,29,9,33,9,2,27,21,60,4,5,9,37,4,6,60,39,24,60,9,59,29,17,23,63,28,9,21,9,48,60,28,9,19,9,84,60,28,9,17,9,3,60,28,9,31,9,11,60,28,9,29,9,16,60,28,9,27,9,18,60,28,9,25,9,81,60,28,9,2,9,30,60,9,7,62,21,-1,1,22,84,4,4,4,9,80,24,47,9,46,29,9,98,9,97,9,96,27,20,60,4,4,9,92,9,21,60,4,4,9,90,9,40,60,4,4,9,37,4,6,60,4,6,9,111,29,28,9,110,29,36,34,22,27,21,59,22,4,6,9,109,29,28,9,110,29,36,34,21,27,21,59,22,4,6,9,108,29,28,9,110,29,36,34,20,27,21,59,22,4,25,9,111,29,28,9,110,29,36,34,19,27,21,59,22,4,25,9,109,29,28,9,110,29,36,34,18,27,21,59,22,34,17,84,3,4,25,9,108,29,28,9,110,29,36,4,3,27,21,59,22,4,28,9,107,29,28,9,110,29,36,34,16,27,21,59,22,8,23},P={{K={{163,56,209,127,252,151},{181,60,208,122,231,186,51,161,94},{140,41,193},0.2,{166,47,219,73,235,132,15,191,90,250,75,29,176,41,194,41},{166,32,213,76,255,196},{128,34,213,73,220,191,32},124,58,237,{186,56,223,81}},C={17,23,28,9,23,29,36,17,22,24,22,9,21,29,9,20,27,22,63,28,9,19,24,18,9,17,29,9,16,9,31,9,30,27,20,60,27,19,28,9,29,29,36,27,22,59,22,8,23},P={},U={{1,1},{1,17}},nParams=0},{K={{163,56,209,127,252,151},{181,60,208,122,231,186,51,161,94},{140,41,193},0.2,{166,47,219,73,235,132,15,191,90,250,75,29,176,41,194,41},{166,32,213,76,255,196},{128,34,213,73,220,191,32},139,92,246,{186,56,223,81}},C={17,23,28,9,23,29,36,17,22,24,22,9,21,29,9,20,27,22,63,28,9,19,24,18,9,17,29,9,16,9,31,9,30,27,20,60,27,19,28,9,29,29,36,27,22,59,22,8,23},P={},U={{1,1},{1,17}},nParams=0},{K={100,7,2,{144,40,195,66,231,156,47,171,92,252,117,21},{175,43,193,113,245,133,20,175,89,203,90,62},{177,42,193,87},{149,36,200,77,224,159},{132,57,218,87},226,156,147,1,122,17,3,63,4,35,5,6,54,51,8,52,9,49,10,11,57,12,53,13,42,14,15,16,62,18,46,19,20,21,22,23,24,25,56,26,27,59,28,40,29,30,123,90,{76,231,148,34,131,69,248,145,26,225},{90,236,129,56,179,24},{124,246,129,53,144,107,212},34,197,94},C={9,23,9,22,38,9,21,10,28,55,24,59,22,24,20,55,233,24,20,17,23,9,19,29,27,22,59,22,17,22,9,18,24,17,9,16,29,9,31,9,30,9,29,27,20,17,21,63,28,9,28,9,27,60,28,9,21,9,26,60,28,9,25,9,24,60,28,9,7,9,6,60,28,9,5,9,27,60,28,9,4,9,3,60,28,9,22,9,2,60,28,9,1,9,0,60,28,9,15,9,14,60,28,9,13,9,27,60,28,9,12,9,11,60,28,9,10,9,9,60,28,9,8,9,55,60,28,9,54,9,2,60,28,9,53,9,24,60,28,9,52,9,51,60,28,9,26,9,27,60,28,9,50,9,49,60,28,9,48,9,9,60,28,9,63,9,27,60,28,9,62,9,11,60,28,9,61,9,3,60,28,9,60,9,2,60,28,9,59,9,55,60,28,9,58,9,57,60,28,9,56,9,9,60,28,9,39,9,38,60,28,9,37,9,36,60,28,9,35,9,51,60,28,9,34,9,33,60,9,32,27,21,43,60,17,22,9,47,24,46,9,45,29,9,44,9,43,9,42,27,20,60,3,233,8,23},P={},U={{0,1},{1,16},{0,0}},nParams=0},{K={{163,56,209,127,252,151},{181,60,208,122,231,186,51,161,94},{140,41,193},0.2,{166,47,219,73,235,132,15,191,90,250,75,29,176,41,194,41},{166,32,213,76,255,196},{128,34,213,73,220,191,32},124,58,237,{186,56,223,81}},C={17,23,28,9,23,29,36,17,22,24,22,9,21,29,9,20,27,22,63,28,9,19,24,18,9,17,29,9,16,9,31,9,30,27,20,60,27,19,28,9,29,29,36,27,22,59,22,8,23},P={},U={{1,1},{1,14}},nParams=0},{K={{163,56,209,127,252,151},{181,60,208,122,231,186,51,161,94},{140,41,193},0.2,{166,47,219,73,235,132,15,191,90,250,75,29,176,41,194,41},{166,32,213,76,255,196},{128,34,213,73,220,191,32},139,92,246,{186,56,223,81}},C={17,23,28,9,23,29,36,17,22,24,22,9,21,29,9,20,27,22,63,28,9,19,24,18,9,17,29,9,16,9,31,9,30,27,20,60,27,19,28,9,29,29,36,27,22,59,22,8,23},P={},U={{1,1},{1,14}},nParams=0},{K={{180,47,204,106},{134,56,192,125},1,127,2,41,3,113,90,{},12,144,{159,34,178,67,250,153},{142,63,160,89},226,154,160,122,10,54,4,63,5,59,6,7,8,9,52,11,46,13,40,14,15,16,17,49,18,19,35,{93,22,165,51,242,116,233,128,43,240},{73,27,178,39,192,47},{109,7,176,36,225,90,197},239,68,31,28,20,29,116,25,53,57,51,61,27,21,22,23,24,44,26,30,161,170,{101,233,130,48,166,85,231,109,0,149,34,213,116,240,135,62,171,73,228},{117,232,133,8,173,76,212,108,10},156,147,60,62,123,42,32,34,197,94,{90,249,113,7},{88,248,106,25},0.5,{117,254,118,27,171,44,212},{66,255,103,28,182},{68,252,117,31},47,96,{66,207,121,0,172,33,220,123},151,150,182,255,{125,202,97,13},{121,200,101,23},{122,200,101,19,132,34,251,76,225,147},{106,205,106,8,181,57,192,65},{108,192,105,24},{21,238,125,19,218},{47,206,98},0,360,38,{21,192,106,234,153,62,174,69},180,262,{10,211,127,237,151,40,171,91,246,102,56,164,33,196,103,14,137,32,217,72,243,131},{11,210,126,236,150,41,170,90,247,103,46,184,45,196,103,76},{3,218,109,252,147,50,165,85},{8,218,109,231,150,47,149,80,255,108,26,170},{25,242,73,231},{29,214,83,238,155,43},{13,215,78,227,132},{27,209,74,238,156,15,174,70,236},1.5,{5,201,68,225,138,19,172,69,196,101,22,166},0.4,225,{39,219,92,241,144,15,160,88,203,111,10,134},{30,218,80,192,132,20,165,94,200,90,43,175},0.1,128,148,56,{42,182,71,246,118},33,36,37,39,43,45,48,50},C={17,23,9,23,29,28,9,22,29,36,17,22,63,28,9,21,9,20,60,28,9,19,9,18,60,28,9,17,9,16,60,9,31,27,21,9,30,27,20,84,23,9,29,9,29,15,9,28,10,28,55,44,59,22,4,23,9,30,10,55,200,17,21,9,23,24,27,9,26,29,9,25,9,24,9,7,27,20,17,22,63,28,9,21,9,6,60,28,9,19,9,5,60,28,9,17,9,4,60,28,9,3,9,2,60,28,9,1,9,0,60,28,9,15,9,18,60,28,9,14,9,2,60,28,9,13,9,6,60,28,9,12,9,2,60,28,9,5,9,11,60,28,9,10,9,9,60,28,9,29,9,2,60,28,9,8,9,55,60,28,9,54,9,6,60,28,9,53,9,0,60,28,9,52,9,6,60,28,9,51,9,50,60,28,9,49,9,2,60,28,9,48,9,63,60,9,31,27,21,43,60,17,21,9,62,24,61,9,60,29,9,59,9,58,9,58,27,20,60,8,23,3,200,17,20,9,23,17,22,63,28,9,21,9,29,60,28,9,19,9,57,60,28,9,17,9,13,60,28,9,3,9,48,60,28,9,1,9,56,60,28,9,15,9,17,60,28,9,14,9,48,60,28,9,13,9,39,60,28,9,12,9,38,60,28,9,5,9,37,60,28,9,10,9,37,60,28,9,29,9,37,60,9,31,27,21,60,17,21,9,23,17,22,63,28,9,21,9,36,60,28,9,19,9,35,60,28,9,17,9,11,60,28,9,3,9,11,60,28,9,1,9,2,60,28,9,15,9,34,60,28,9,14,9,9,60,28,9,13,9,33,60,28,9,12,9,11,60,28,9,5,9,32,60,28,9,10,9,6,60,28,9,29,9,9,60,28,9,8,9,35,60,28,9,54,9,6,60,28,9,53,9,47,60,28,9,52,9,9,60,28,9,51,9,4,60,28,9,49,9,0,60,28,9,48,9,18,60,28,9,39,9,6,60,28,9,46,9,18,60,28,9,45,9,2,60,28,9,44,9,55,60,28,9,43,9,42,60,28,9,36,9,2,60,28,9,41,9,55,60,28,9,47,9,18,60,28,9,56,9,37,60,28,9,38,9,37,60,28,9,40,9,37,60,9,31,27,21,60,17,21,9,62,24,61,9,60,29,9,87,9,87,9,86,27,20,60,17,19,9,85,29,27,23,84,22,17,19,9,84,29,4,23,4,22,62,21,20,84,19,84,20,84,21,9,17,9,19,51,9,12,10,28,55,568,59,22,4,21,55,1097,17,21,9,23,24,27,9,26,29,9,25,9,83,9,82,27,20,17,22,63,28,9,21,9,6,60,28,9,19,9,51,60,28,9,17,9,2,60,28,9,3,9,63,60,28,9,1,9,6,60,28,9,15,9,42,60,28,9,14,9,2,60,28,9,13,9,55,60,28,9,12,9,33,60,28,9,5,9,81,60,28,9,10,9,33,60,28,9,29,9,2,60,28,9,8,9,80,60,28,9,54,9,95,60,28,9,53,9,6,60,28,9,52,9,45,60,28,9,51,9,35,60,28,9,49,9,0,60,28,9,48,9,80,60,28,9,39,9,33,60,28,9,46,9,11,60,28,9,45,9,32,60,28,9,44,9,6,60,28,9,43,9,18,60,28,9,36,9,34,60,28,9,41,9,55,60,28,9,47,9,33,60,28,9,56,9,94,60,28,9,38,9,9,60,28,9,40,9,37,60,28,9,57,9,37,60,28,9,93,9,37,60,9,31,27,21,43,60,17,21,9,62,24,61,9,60,29,9,92,9,91,9,90,27,20,60,17,20,9,23,17,22,63,28,9,21,9,12,60,28,9,19,9,53,60,28,9,17,9,36,60,28,9,3,9,36,60,28,9,1,9,57,60,28,9,15,9,12,60,28,9,14,9,12,60,9,31,27,21,60,24,89,9,88,29,9,71,27,22,59,22,17,18,28,9,70,29,36,27,22,59,22,24,69,34,22,62,22,21,84,17,84,18,9,14,9,14,15,9,50,10,28,55,915,59,22,4,18,54,55,1099,24,68,17,22,63,28,9,21,9,21,60,28,9,19,9,47,60,28,9,17,9,9,60,28,9,3,9,4,60,28,9,1,9,0,60,28,9,15,9,18,60,28,9,14,9,14,60,28,9,13,9,6,60,28,9,12,9,12,60,28,9,5,9,34,60,28,9,10,9,55,60,28,9,29,9,33,60,28,9,8,9,94,60,28,9,54,9,9,60,28,9,53,9,6,60,28,9,52,9,2,60,28,9,51,9,92,60,28,9,49,9,2,60,28,9,48,9,34,60,28,9,39,9,67,60,28,9,46,9,9,60,28,9,45,9,33,60,28,9,44,9,35,60,28,9,43,9,11,60,28,9,36,9,6,60,28,9,41,9,2,60,28,9,47,9,55,60,28,9,56,9,55,60,28,9,38,9,35,60,28,9,40,9,55,60,28,9,57,9,66,60,28,9,93,9,6,60,9,31,27,21,24,65,4,17,27,22,43,27,22,59,22,3,1099,3,2611,9,21,9,21,44,9,19,10,28,55,1146,59,22,4,19,55,2484,17,21,9,23,24,27,9,26,29,9,25,9,83,9,64,27,20,17,22,63,28,9,21,9,6,60,9,31,27,21,24,65,4,20,27,22,43,43,60,17,21,9,62,24,61,9,60,29,9,59,9,58,9,58,27,20,60,17,20,9,23,17,22,63,28,9,21,9,29,60,28,9,19,9,57,60,28,9,17,9,13,60,28,9,3,9,48,60,28,9,1,9,56,60,28,9,15,9,17,60,28,9,14,9,6,60,28,9,13,9,51,60,28,9,12,9,57,60,28,9,5,9,17,60,9,31,27,21,60,17,17,9,23,24,27,9,26,29,9,25,9,79,9,78,27,20,17,22,63,28,9,21,9,6,60,28,9,19,9,13,60,28,9,17,9,57,60,28,9,3,9,40,60,28,9,1,9,46,60,28,9,15,9,6,60,28,9,14,9,12,60,28,9,13,9,54,60,28,9,12,9,57,60,28,9,5,9,5,60,28,9,10,9,12,60,28,9,29,9,6,60,28,9,8,9,54,60,28,9,54,9,46,60,28,9,53,9,6,60,28,9,52,9,38,60,28,9,51,9,57,60,28,9,49,9,54,60,28,9,48,9,6,60,28,9,39,9,47,60,28,9,46,9,6,60,28,9,45,9,39,60,28,9,44,9,57,60,28,9,43,9,8,60,28,9,36,9,6,60,28,9,41,9,51,60,28,9,47,9,57,60,28,9,56,9,17,60,9,31,27,21,43,60,17,17,9,62,24,61,9,60,29,9,77,9,77,9,77,27,20,60,17,17,9,76,24,75,9,76,29,9,74,29,60,17,17,9,73,9,8,60,17,17,9,72,24,119,9,118,29,9,117,9,116,9,117,9,115,27,19,60,17,17,9,114,24,119,9,118,29,9,71,9,113,11,9,117,9,112,27,19,60,17,17,9,127,9,117,60,17,17,9,126,24,61,9,60,29,9,59,9,58,9,58,27,20,60,39,24,125,9,118,29,17,22,63,28,9,21,9,53,60,28,9,19,9,48,60,28,9,17,9,36,60,28,9,3,9,35,60,28,9,1,9,55,60,28,9,15,9,11,60,28,9,14,9,2,60,28,9,13,9,55,60,9,31,62,21,-1,1,22,84,16,4,16,9,124,24,123,9,118,29,9,117,9,13,27,21,60,4,16,9,122,17,17,60,39,24,125,9,118,29,17,22,63,28,9,21,9,53,60,28,9,19,9,48,60,28,9,17,9,12,60,28,9,3,9,9,60,28,9,1,9,55,60,28,9,15,9,35,60,28,9,14,9,50,60,28,9,13,9,2,60,9,31,62,21,-1,1,22,84,31,4,31,9,121,24,61,9,60,29,9,59,9,58,9,58,27,20,60,4,31,9,120,9,103,60,4,31,9,102,9,101,60,4,31,9,122,17,17,60,9,53,9,53,15,9,100,10,28,55,1788,59,22,24,99,55,2067,24,99,17,16,9,98,29,27,22,59,22,24,89,9,88,29,9,97,27,22,59,22,17,21,9,23,24,27,9,26,29,9,25,9,83,9,64,27,20,17,22,63,28,9,21,9,6,60,9,31,27,21,24,65,4,20,27,22,17,22,63,28,9,21,9,6,60,9,31,27,21,24,27,9,26,29,9,25,9,96,9,111,27,20,17,22,63,28,9,21,9,6,60,28,9,19,9,51,60,28,9,17,9,2,60,28,9,3,9,63,60,28,9,1,9,6,60,28,9,15,9,4,60,28,9,14,9,33,60,28,9,13,9,11,60,28,9,12,9,50,60,28,9,5,9,6,60,28,9,10,9,34,60,28,9,29,9,35,60,28,9,8,9,94,60,28,9,54,9,33,60,28,9,53,9,2,60,28,9,52,9,80,60,28,9,51,9,6,60,28,9,49,9,9,60,28,9,48,9,35,60,28,9,39,9,6,60,28,9,46,9,34,60,28,9,45,9,4,60,28,9,44,9,33,60,28,9,43,9,94,60,28,9,36,9,110,60,28,9,41,9,35,60,28,9,47,9,0,60,28,9,56,9,55,60,28,9,38,9,80,60,28,9,40,9,95,60,9,31,27,21,43,43,43,43,43,60,3,2067,24,109,17,22,63,28,9,21,9,21,60,28,9,19,9,47,60,28,9,17,9,9,60,28,9,3,9,4,60,28,9,1,9,0,60,28,9,15,9,18,60,28,9,14,9,14,60,28,9,13,9,6,60,9,31,27,21,24,27,9,26,29,9,25,9,24,9,7,27,20,17,22,63,28,9,21,9,6,60,28,9,19,9,51,60,28,9,17,9,2,60,28,9,3,9,63,60,28,9,1,9,6,60,28,9,15,9,2,60,28,9,14,9,92,60,28,9,13,9,94,60,28,9,12,9,33,60,28,9,5,9,55,60,28,9,10,9,2,60,28,9,29,9,80,60,28,9,8,9,6,60,28,9,54,9,35,60,28,9,53,9,55,60,28,9,52,9,6,60,28,9,51,9,33,60,28,9,49,9,11,60,28,9,48,9,42,60,28,9,39,9,0,60,28,9,46,9,4,60,28,9,45,9,33,60,28,9,44,9,80,60,28,9,43,9,95,60,28,9,36,9,6,60,28,9,41,9,53,60,28,9,47,9,18,60,28,9,56,9,2,60,28,9,38,9,55,60,28,9,40,9,6,60,28,9,57,9,11,60,28,9,93,9,2,60,28,9,108,9,2,60,28,9,92,9,80,60,28,9,63,9,18,60,28,9,107,9,6,60,28,9,106,9,9,60,28,9,115,9,35,60,28,9,105,9,6,60,28,9,55,9,55,60,28,9,18,9,2,60,28,9,94,9,80,60,28,9,104,9,35,60,28,9,42,9,6,60,28,9,151,9,18,60,28,9,9,9,9,60,28,9,67,9,2,60,28,9,150,9,94,60,28,9,50,9,18,60,28,9,149,9,6,60,28,9,33,9,0,60,28,9,11,9,9,60,28,9,35,9,66,60,28,9,4,9,6,60,9,31,27,21,17,16,9,98,29,43,43,43,27,22,59,22,3,2611,17,21,9,23,24,27,9,26,29,9,25,9,83,9,64,27,20,17,22,63,28,9,21,9,6,60,9,31,27,21,24,65,4,20,27,22,43,43,60,17,21,9,62,24,61,9,60,29,9,59,9,58,9,58,27,20,60,17,20,9,23,17,22,63,28,9,21,9,29,60,28,9,19,9,57,60,28,9,17,9,13,60,28,9,3,9,48,60,28,9,1,9,56,60,28,9,15,9,17,60,28,9,14,9,6,60,28,9,13,9,51,60,28,9,12,9,57,60,28,9,5,9,17,60,9,31,27,21,60,8,23},P={{K={{140,37,213,122,251,134,46,175,94,253}},C={24,23,17,23,27,22,27,23,59,22,8,23},P={},U={{1,3}},nParams=0}},U={{1,11},{0,0},{1,16},{1,14},{0,2},{1,4},{1,17},{0,1}},nParams=0},{K={100,7,2},C={9,23,9,22,38,9,21,10,28,55,24,59,22,4,23,55,14,17,23,27,23,59,22,3,14,8,23},P={},U={{1,20}},nParams=1}},U={{1,1},{1,2},{1,3}},nParams=0},{K={{140,37,213,122,251,134,46,175,94,253}},C={24,23,17,23,27,22,27,23,59,22,8,23},P={},U={{1,5}},nParams=0}}
return _l100l0(__IO22,_1_023,_Ol011,_1_l24)